Chemical.ID	Chemical.Name	pathway	parent	uniqueID	readout	curvep_wauc	curvep_pod	curvep_remark	curvep_n_corrections	curvep_mask	conc0	conc1	conc2	conc3	conc4	conc5	resp0	resp1	resp2	resp3	resp4	resp5	curvep_r0	curvep_r1	curvep_r2	curvep_r3	curvep_r4	curvep_r5
N1	1	TOG		N1	luc.a	0	-4	NOISY	1	0 0 0 0 1 0	-6.522878745	-6	-5.522878745	-5	-4.522878745	-4	0.942324338	5.014769251	1.274663823	1.026522925	-23.52126384	-4.154409892	0	0	0	0	0	0
N10	2	TOG		N10	luc.a	0	-4	OK	0	0 0 0 0 0 0	-6.522878745	-6	-5.522878745	-5	-4.522878745	-4	1.516719309	7.08951173	0.51659377	2.090680788	-7.042802074	-8.349404035	0	0	0	0	0	0
N11	3	TOG		N11	luc.a	-43.1769951	-4.43931264	OK	0	0 0 0 0 0 0	-6.522878745	-6	-5.522878745	-5	-4.522878745	-4	-3.516072301	1.969101028	-0.551584342	-0.70259805	-10.48571316	-93.85600593	0	0	0	0	0	-93.8560059
N12	4	TOG		N12	luc.a	0	-4	OK	0	0 0 0 0 0 0	-6.522878745	-6	-5.522878745	-5	-4.522878745	-4	-2.940511113	5.002970716	-5.362726559	-13.50646352	-18.85550178	-15.55461691	0	0	0	0	-18.8555018	-15.5546169
N13	5	TOG		N13	luc.a	0	-4	OK	0	0 0 0 0 0 0	-6.522878745	-6	-5.522878745	-5	-4.522878745	-4	1.145770638	5.88424559	-0.327856552	-5.640190563	-5.451181191	1.711584376	0	0	0	0	0	0
N14	6	TOG		N14	luc.a	-72.3177778	-4.82314441	OK	0	0 0 0 0 0 0	-6.522878745	-6	-5.522878745	-5	-4.522878745	-4	-2.849785542	0.410873959	1.439627864	0.126171032	-40.46702173	-67.2978125	0	0	0	0	-40.4670217	-67.2978125
N15	7	TOG		N15	luc.a	-21.6640738	-4.35933027	OK	0	0 0 0 0 0 0	-6.522878745	-6	-5.522878745	-5	-4.522878745	-4	-2.332362053	2.276286395	0.783387673	-2.842284817	-8.665852137	-47.95630777	0	0	0	0	0	-47.9563078
N16	8	TOG		N16	luc.a	0	-4	OK	0	0 0 0 0 0 0	-6.522878745	-6	-5.522878745	-5	-4.522878745	-4	-3.460424907	0.977648269	-0.823953999	-2.644267612	-6.480021609	-10.29911317	0	0	0	0	0	0
N17	9	TOG		N17	luc.a	-58.5443431	-4.77972634	OK	0	0 0 0 0 0 0	-6.522878745	-6	-5.522878745	-5	-4.522878745	-4	-3.719819067	4.304967478	-10.52441268	-2.759599492	-32.49057947	-56.05934248	0	0	0	0	-32.4905795	-56.0593425
N18	10	TOG		N18	luc.a	-44.2955842	-4.44138489	OK	0	0 0 0 0 0 0	-6.522878745	-6	-5.522878745	-5	-4.522878745	-4	0.400402654	7.369410668	-0.591989183	0.215827703	-14.76324941	-96.24261359	0	0	0	0	0	-96.2426136
N19	11	TOG		N19	luc.a	-48.032201	-4.62866542	OK	0	0 0 0 0 0 0	-6.522878745	-6	-5.522878745	-5	-4.522878745	-4	-3.212616528	1.622846578	-2.500137376	-5.301754962	-19.2732356	-63.27887445	0	0	0	0	-19.2732356	-63.2788745
N2	12	TOG		N2	luc.a	-36.2811578	-4.63709172	OK	0	0 0 0 0 0 0	-6.522878745	-6	-5.522878745	-5	-4.522878745	-4	-13.29567518	-6.931853541	-6.933611375	-12.15121582	-19.72073724	-37.78671524	0	0	0	0	-19.7207372	-37.7867152
N20	13	TOG		N20	luc.a	0	-4	OK	0	0 0 0 0 0 0	-6.522878745	-6	-5.522878745	-5	-4.522878745	-4	2.091572619	4.936488168	0.118565523	3.766798878	-2.796038871	-9.135603766	0	0	0	0	0	0
N21	14	TOG		N21	luc.a	0	-4	OK	0	0 0 0 0 0 0	-6.522878745	-6	-5.522878745	-5	-4.522878745	-4	-0.486031754	3.043635801	-0.523240493	-9.006736074	-10.34193418	-5.760409434	0	0	0	0	0	0
N22	15	TOG		N22	luc.a	0	-4	OK	0	0 0 0 0 0 0	-6.522878745	-6	-5.522878745	-5	-4.522878745	-4	2.05262912	3.727855555	2.326848459	2.261463268	-0.004928279	4.13903855	0	0	0	0	0	0
N23	16	TOG		N23	luc.a	0	-4	OK	0	0 0 0 0 0 0	-6.522878745	-6	-5.522878745	-5	-4.522878745	-4	-4.813924127	1.915274513	0.793200794	-8.139655575	-6.52502242	2.941965035	0	0	0	0	0	0
N24	17	TOG		N24	luc.a	0	-4	NOISY	1	0 0 1 0 0 0	-6.522878745	-6	-5.522878745	-5	-4.522878745	-4	-2.975971239	2.362719001	-35.7675282	-0.656489053	-5.189574938	-11.24868289	0	0	0	0	0	0
N25	18	TOG		N25	luc.a	0	-4	OK	0	0 0 0 0 0 0	-6.522878745	-6	-5.522878745	-5	-4.522878745	-4	-1.252944197	2.086033032	1.134908238	-3.554312258	-2.204634888	-6.409197274	0	0	0	0	0	0
N26	19	TOG		N26	luc.a	0	-4	OK	0	0 0 0 0 0 0	-6.522878745	-6	-5.522878745	-5	-4.522878745	-4	-2.080016122	-0.970412139	-0.40313182	-3.155132997	-7.444665141	-5.817274666	0	0	0	0	0	0
N27	20	TOG		N27	luc.a	0	-4	OK	0	0 0 0 0 0 0	-6.522878745	-6	-5.522878745	-5	-4.522878745	-4	-1.866975268	1.357001077	3.336514739	-3.24120588	-5.165796368	-3.272117427	0	0	0	0	0	0
N28	21	TOG		N28	luc.a	0	-4	OK	0	0 0 0 0 0 0	-6.522878745	-6	-5.522878745	-5	-4.522878745	-4	-0.647723411	2.726991492	1.012034942	-3.360544992	-7.455956024	-5.848099579	0	0	0	0	0	0
N29	22	TOG		N29	luc.a	-19.7800632	-4.34436744	OK	0	0 0 0 0 0 0	-6.522878745	-6	-5.522878745	-5	-4.522878745	-4	-2.177183896	2.637086549	2.914555705	2.737446104	-6.151420682	-43.93660655	0	0	0	0	0	-43.9366066
N3	23	TOG		N3	luc.a	0	-4	OK	0	0 0 0 0 0 0	-6.522878745	-6	-5.522878745	-5	-4.522878745	-4	-1.96525324	2.044947241	-4.220756259	2.830154675	-7.061735694	-2.59272566	0	0	0	0	0	0
N30	24	TOG		N30	luc.a	-108.078853	-5.04981079	OK	0	0 0 0 0 0 0	-6.522878745	-6	-5.522878745	-5	-4.522878745	-4	2.430422314	7.886794162	4.355399874	-16.57939661	-42.46695949	-93.60821433	0	0	0	-16.5793966	-42.4669595	-93.6082143
N31_1	25	TOG		N31_1	luc.a	-32.5281672	-4.41262229	OK	0	0 0 0 0 0 0	-6.522878745	-6	-5.522878745	-5	-4.522878745	-4	0.518081078	6.360649156	2.162666006	-1.303925684	-13.40275569	-71.13580065	0	0	0	0	0	-71.1358006
N31_2	26	TOG		N31_2	luc.a	-59.2677073	-4.58981361	OK	0	0 0 0 0 0 0	-6.522878745	-6	-5.522878745	-5	-4.522878745	-4	-3.085539617	5.381645995	2.2536402	-4.310031963	-17.44772388	-91.24014295	0	0	0	0	-17.4477239	-91.240143
N32	27	TOG		N32	luc.a	-148.100753	-4.92796567	OK	0	0 0 0 0 0 0	-6.522878745	-6	-5.522878745	-5	-4.522878745	-4	2.631469975	7.073960317	2.562766429	-0.724679143	-99.35289063	-100	0	0	0	0	-99.3528906	-100
N33_1	28	TOG		N33_1	luc.a	-14.2987635	-4.27961728	OK	0	0 0 0 0 0 0	-6.522878745	-6	-5.522878745	-5	-4.522878745	-4	-16.39305584	3.039750594	-0.295838597	-5.069738245	-13.42506975	-32.24177442	0	0	0	0	0	-32.2417744
N33_2	29	TOG		N33_2	luc.a	-67.8705282	-4.69160018	OK	0	0 0 0 0 0 0	-6.522878745	-6	-5.522878745	-5	-4.522878745	-4	-3.791197658	-0.456680951	-3.124285974	-11.41570786	-23.20630016	-95.21826437	0	0	0	0	-23.2063002	-95.2182644
N34	30	TOG		N34	luc.a	0	-4	OK	0	0 0 0 0 0 0	-6.522878745	-6	-5.522878745	-5	-4.522878745	-4	-0.135524982	4.407480815	3.372366995	0.76448811	-7.611944485	-1.898753986	0	0	0	0	0	0
N35	31	TOG		N35	luc.a	-31.8355167	-4.54140086	OK	0	0 0 0 0 0 0	-6.522878745	-6	-5.522878745	-5	-4.522878745	-4	-2.776395353	-0.548618481	3.136299167	-4.458232447	-15.60582699	-37.80085318	0	0	0	0	-15.605827	-37.8008532
N36	32	TOG		N36	luc.a	0	-4	NOISY	6	1 1 1 1 1 1	-6.522878745	-6	-5.522878745	-5	-4.522878745	-4	-30.29910366	-20.83556693	-32.89222821	-34.25031232	-22.96550934	-21.23388611	0	0	0	0	0	0
N37	33	TOG		N37	luc.a	-17.0396891	-4.31696573	OK	0	0 0 0 0 0 0	-6.522878745	-6	-5.522878745	-5	-4.522878745	-4	-1.470176302	0.369396471	4.546257067	-2.3237871	-13.14294726	-38.08977892	0	0	0	0	0	-38.0897789
N38	34	TOG		N38	luc.a	0	-4	OK	0	0 0 0 0 0 0	-6.522878745	-6	-5.522878745	-5	-4.522878745	-4	1.694279666	2.779245928	3.892136851	0.517356483	-5.212009729	-6.142277581	0	0	0	0	0	0
N39	35	TOG		N39	luc.a	0	-4	OK	0	0 0 0 0 0 0	-6.522878745	-6	-5.522878745	-5	-4.522878745	-4	-1.248274236	2.704278386	2.868916166	-3.019310525	-2.16929773	-2.523007293	0	0	0	0	0	0
N4	36	TOG		N4	luc.a	0	-4	OK	0	0 0 0 0 0 0	-6.522878745	-6	-5.522878745	-5	-4.522878745	-4	-2.446422149	0.20216322	-0.399090819	-2.597311725	-7.99833836	-2.278807996	0	0	0	0	0	0
N40	37	TOG		N40	luc.a	0	-4	OK	0	0 0 0 0 0 0	-6.522878745	-6	-5.522878745	-5	-4.522878745	-4	-1.000236687	2.949956809	4.5636096	2.385852733	-6.086756621	-4.768549256	0	0	0	0	0	0
N41	38	TOG		N41	luc.a	-29.690769	-4.5926618	OK	0	0 0 0 0 0 0	-6.522878745	-6	-5.522878745	-5	-4.522878745	-4	2.876630176	4.719832341	-1.75109498	3.483715763	-17.56972158	-28.78340987	0	0	0	0	-17.5697216	-28.7834099
N42	39	TOG		N42	luc.a	-10.9608782	-4.21065149	OK	0	0 0 0 0 0 0	-6.522878745	-6	-5.522878745	-5	-4.522878745	-4	-0.269823272	5.669548246	-0.076312001	-3.805693824	-13.2316366	-25.12010436	0	0	0	0	0	-25.1201044
N43	40	TOG		N43	luc.a	-139.838165	-4.92419514	OK	0	0 0 0 0 0 0	-6.522878745	-6	-5.522878745	-5	-4.522878745	-4	0.656249782	3.371713414	0.026418301	-6.061580015	-94.4110783	-93.48101564	0	0	0	0	-94.4110783	-93.4810156
N44	41	TOG		N44	luc.a	0	-4	OK	0	0 0 0 0 0 0	-6.522878745	-6	-5.522878745	-5	-4.522878745	-4	-0.447679002	3.558849083	-7.372258917	-1.719133876	-4.855562154	-4.783797258	0	0	0	0	0	0
N45	42	TOG		N45	luc.a	-170.164062	-5.66926761	OK	0	0 0 0 0 0 0	-6.522878745	-6	-5.522878745	-5	-4.522878745	-4	-11.37158265	-11.58314147	-21.63930434	-33.83536232	-43.71032669	-99.95492035	0	0	-21.6393043	-33.8353623	-43.7103267	-99.9549203
N46	43	TOG		N46	luc.a	-143.445906	-4.92467819	OK	0	0 0 0 0 0 0	-6.522878745	-6	-5.522878745	-5	-4.522878745	-4	-2.064901135	2.517550292	-6.468557807	0.345618669	-95.01655931	-99.36556406	0	0	0	0	-95.0165593	-99.3655641
N47	44	TOG		N47	luc.a	0	-4	OK	0	0 0 0 0 0 0	-6.522878745	-6	-5.522878745	-5	-4.522878745	-4	-2.506739503	-0.027492697	6.995351616	-3.708348017	-9.393053797	-9.350771731	0	0	0	0	0	0
N48	45	TOG		N48	luc.a	0	-4	OK	0	0 0 0 0 0 0	-6.522878745	-6	-5.522878745	-5	-4.522878745	-4	0.179195734	2.203430838	1.995507061	2.517136085	-9.656450003	-8.469625308	0	0	0	0	0	0
N49	46	TOG		N49	luc.a	0	-4	OK	0	0 0 0 0 0 0	-6.522878745	-6	-5.522878745	-5	-4.522878745	-4	-2.964976206	2.958193022	9.754280344	3.425301049	-11.5990095	-13.64318452	0	0	0	0	0	0
N5	47	TOG		N5	luc.a	0	-4	OK	0	0 0 0 0 0 0	-6.522878745	-6	-5.522878745	-5	-4.522878745	-4	-0.327100313	4.151560056	0.053413427	-0.849677955	-8.460960133	-5.803876775	0	0	0	0	0	0
N50	48	TOG		N50	luc.a	0	-4	OK	0	0 0 0 0 0 0	-6.522878745	-6	-5.522878745	-5	-4.522878745	-4	-1.281738043	6.326629782	5.628351311	4.142172284	-6.249180521	-6.73009397	0	0	0	0	0	0
N51	49	TOG		N51	luc.a	0	-4	OK	0	0 0 0 0 0 0	-6.522878745	-6	-5.522878745	-5	-4.522878745	-4	6.379304349	8.102354298	0.795526178	-2.509901377	-3.581954699	-11.96338866	0	0	0	0	0	0
N52	50	TOG		N52	luc.a	0	-4	NOISY	1	0 1 0 0 0 0	-6.522878745	-6	-5.522878745	-5	-4.522878745	-4	-1.019094773	-19.30393818	0.319359857	-1.22798449	-0.321382715	-2.156680082	0	0	0	0	0	0
N53	51	TOG		N53	luc.a	0	-4	OK	0	0 0 0 0 0 0	-6.522878745	-6	-5.522878745	-5	-4.522878745	-4	0.178966565	2.841012238	2.50866766	-4.850321592	-4.99090578	-4.888539264	0	0	0	0	0	0
N54	52	TOG		N54	luc.a	0	-4	OK	0	0 0 0 0 0 0	-6.522878745	-6	-5.522878745	-5	-4.522878745	-4	-1.738467322	4.621754703	-1.280075509	1.04220587	-6.176081106	-7.291433208	0	0	0	0	0	0
N55	53	TOG		N55	luc.a	0	-4	NOISY	1	0 0 0 0 1 0	-6.522878745	-6	-5.522878745	-5	-4.522878745	-4	0.360259835	5.370779062	2.913548039	-3.301474455	-24.72151992	-7.311434969	0	0	0	0	0	0
N56	54	TOG		N56	luc.a	0	-4	OK	0	0 0 0 0 0 0	-6.522878745	-6	-5.522878745	-5	-4.522878745	-4	-0.568364637	1.831112688	1.620732655	1.068647927	-5.613468612	-4.929827585	0	0	0	0	0	0
N57	55	TOG		N57	luc.a	0	-4	OK	0	0 0 0 0 0 0	-6.522878745	-6	-5.522878745	-5	-4.522878745	-4	-2.852550851	1.709332116	1.219257671	4.614953465	-0.600122136	-6.257524108	0	0	0	0	0	0
N58	56	TOG		N58	luc.a	0	-4	OK	0	0 0 0 0 0 0	-6.522878745	-6	-5.522878745	-5	-4.522878745	-4	-0.035693752	-4.912207944	3.673628258	-8.849671656	-7.293038704	-12.9652934	0	0	0	0	0	0
N59	57	TOG		N59	luc.a	-11.5899556	-4.22648794	OK	0	0 0 0 0 0 0	-6.522878745	-6	-5.522878745	-5	-4.522878745	-4	1.187153516	3.851912202	2.053755349	-1.036411907	-10.48160309	-26.46229599	0	0	0	0	0	-26.462296
N6_1	58	TOG		N6_1	luc.a	0	-4	OK	0	0 0 0 0 0 0	-6.522878745	-6	-5.522878745	-5	-4.522878745	-4	-0.20637903	2.475284118	-2.643711758	-3.040048988	-8.490045576	-3.225217102	0	0	0	0	0	0
N6_2	59	TOG		N6_2	luc.a	0	-4	OK	0	0 0 0 0 0 0	-6.522878745	-6	-5.522878745	-5	-4.522878745	-4	-0.433623286	4.417934878	1.889366195	-2.101680023	-0.994657414	-9.701447513	0	0	0	0	0	0
N60	60	TOG		N60	luc.a	0	-4	NOISY	1	0 1 0 0 0 0	-6.522878745	-6	-5.522878745	-5	-4.522878745	-4	0.97060892	-17.76497834	0.607614472	3.108435308	-7.134367937	-10.51398821	0	0	0	0	0	0
N61	61	TOG		N61	luc.a	0	-4	OK	0	0 0 0 0 0 0	-6.522878745	-6	-5.522878745	-5	-4.522878745	-4	3.160611653	-3.372628806	2.734901696	-1.622252825	0.521333973	3.372033726	0	0	0	0	0	0
N62	62	TOG		N62	luc.a	-14.03183	-4.27524299	OK	0	0 0 0 0 0 0	-6.522878745	-6	-5.522878745	-5	-4.522878745	-4	1.953205301	6.988369329	-2.513898482	-2.169482815	-6.233406878	-31.67224844	0	0	0	0	0	-31.6722484
N63	63	TOG		N63	luc.a	0	-4	OK	0	0 0 0 0 0 0	-6.522878745	-6	-5.522878745	-5	-4.522878745	-4	-1.387583694	7.691332292	-0.028016357	-3.071085677	-8.509598593	-7.266770195	0	0	0	0	0	0
N64	64	TOG		N64	luc.a	-48.3086666	-4.57752581	OK	0	0 0 0 0 0 0	-6.522878745	-6	-5.522878745	-5	-4.522878745	-4	-2.836733078	0.028927485	0.357981904	-7.536102276	-16.9402509	-69.4422433	0	0	0	0	-16.9402509	-69.4422433
N65	65	TOG		N65	luc.a	0	-4	NOISY	1	0 1 0 0 0 0	-6.522878745	-6	-5.522878745	-5	-4.522878745	-4	-3.291292887	-24.1104835	0.734513267	-0.312094242	-10.53882389	-12.48913124	0	0	0	0	0	0
N66	66	TOG		N66	luc.a	-30.7873168	-4.61132881	OK	0	0 0 0 0 0 0	-6.522878745	-6	-5.522878745	-5	-4.522878745	-4	-0.853033621	-6.609955734	-2.082457049	-0.497785074	-18.41355634	-29.21174922	0	0	0	0	-18.4135563	-29.2117492
N67	67	TOG		N67	luc.a	0	-4	OK	0	0 0 0 0 0 0	-6.522878745	-6	-5.522878745	-5	-4.522878745	-4	-2.440305875	-0.034395026	-2.496613127	-5.212810917	-12.42476099	-20.74872264	0	0	0	0	0	-20.7487226
N68	68	TOG		N68	luc.a	0	-4	SINGLE_POINT_ACT	1	0 0 0 0 0 1	-6.522878745	-6	-5.522878745	-5	-4.522878745	-4	-1.784392845	1.56966054	-0.404051639	-0.894661209	-21.06634967	-15.51122923	0	0	0	0	-21.0663497	-21.0663497
N69_1	69	TOG		N69_1	luc.a	-402.085292	-6.11007537	OK	1	0 0 0 0 0 1	-6.522878745	-6	-5.522878745	-5	-4.522878745	-4	-9.487032008	-18.99979904	-83.9555143	-91.80552932	-90.14831919	-84.53433234	0	-18.999799	-83.9555143	-91.8055293	-90.1483192	-90.1483192
N69_2	70	TOG		N69_2	luc.a	-380.393478	-5.92158588	OK	0	0 0 0 0 0 0	-6.522878745	-6	-5.522878745	-5	-4.522878745	-4	-11.77801182	-11.31822492	-91.26951313	-92.84118664	-93.15812159	-89.62460571	0	0	-91.2695131	-92.8411866	-93.1581216	-89.6246057
N7	71	TOG		N7	luc.a	-108.333051	-4.88845522	OK	0	0 0 0 0 0 0	-6.522878745	-6	-5.522878745	-5	-4.522878745	-4	1.450703279	2.024272016	0.413739447	-3.093253266	-64.16094856	-91.14556371	0	0	0	0	-64.1609486	-91.1455637
N70	72	TOG		N70	luc.a	-165.65436	-5.05181355	OK	0	0 0 0 0 0 0	-6.522878745	-6	-5.522878745	-5	-4.522878745	-4	-0.488180852	6.638811926	5.382671896	-16.64988466	-97.17702205	-98.73965858	0	0	0	-16.6498847	-97.1770221	-98.7396586
N71	73	TOG		N71	luc.a	0	-4	OK	0	0 0 0 0 0 0	-6.522878745	-6	-5.522878745	-5	-4.522878745	-4	1.87260392	11.33653442	-1.465858197	-0.755590607	-2.065947565	-1.977635544	0	0	0	0	0	0
N72	74	TOG		N72	luc.a	0	-4	NOISY	1	0 0 0 1 0 0	-6.522878745	-6	-5.522878745	-5	-4.522878745	-4	-2.641995211	8.931438254	6.975844227	-26.63900471	-6.464274211	6.257570361	0	0	0	0	0	0
N73	75	TOG		N73	luc.a	0	-4	OK	0	0 0 0 0 0 0	-6.522878745	-6	-5.522878745	-5	-4.522878745	-4	-2.224229802	7.135562539	-8.162876594	-6.184151766	-4.631854636	-4.695325956	0	0	0	0	0	0
N74	76	TOG		N74	luc.a	-45.3954707	-4.44332468	OK	0	0 0 0 0 0 0	-6.522878745	-6	-5.522878745	-5	-4.522878745	-4	-2.909007975	5.726937083	-6.759393598	-8.179960285	-14.64814381	-98.58931747	0	0	0	0	0	-98.5893175
N75	77	TOG		N75	luc.a	-90.1131767	-4.85012169	OK	0	0 0 0 0 0 0	-6.522878745	-6	-5.522878745	-5	-4.522878745	-4	-5.421889851	2.181532884	-4.145227783	-6.673220076	-47.75086461	-87.96903988	0	0	0	0	-47.7508646	-87.9690399
N76	78	TOG		N76	luc.a	-128.281871	-4.91059489	OK	0	0 0 0 0 0 0	-6.522878745	-6	-5.522878745	-5	-4.522878745	-4	-3.737760475	5.160146893	-7.778108205	-10.90747609	-80.04932781	-98.99706598	0	0	0	0	-80.0493278	-98.997066
N8	79	TOG		N8	luc.a	0	-4	OK	0	0 0 0 0 0 0	-6.522878745	-6	-5.522878745	-5	-4.522878745	-4	1.249441726	-4.899083463	0.503034197	2.726927118	-5.715191546	-2.84145773	0	0	0	0	0	0
N81_1	80	TOG		N81_1	luc.a	0	-4	OK	0	0 0 0 0 0 0	-6.522878745	-6	-5.522878745	-5	-4.522878745	-4	-5.190036746	0.542457531	1.143951399	-0.822629133	-0.25729081	1.512565583	0	0	0	0	0	0
N81_2	81	TOG		N81_2	luc.a	0	-4	OK	0	0 0 0 0 0 0	-6.522878745	-6	-5.522878745	-5	-4.522878745	-4	-2.540264422	8.957491368	-2.32839484	1.737569213	0.076002842	0.211821849	0	0	0	0	0	0
N81_3	82	TOG		N81_3	luc.a	0	-4	OK	0	0 0 0 0 0 0	-6.522878745	-6	-5.522878745	-5	-4.522878745	-4	2.027389943	0.437451098	-2.539234834	-1.43126377	-0.34549198	1.522677926	0	0	0	0	0	0
N81_4	83	TOG		N81_4	luc.a	0	-4	OK	0	0 0 0 0 0 0	-6.522878745	-6	-5.522878745	-5	-4.522878745	-4	1.413190815	5.897637377	2.875137861	4.592794913	-4.943070438	-2.034516006	0	0	0	0	0	0
N81_5	84	TOG		N81_5	luc.a	0	-4	OK	0	0 0 0 0 0 0	-6.522878745	-6	-5.522878745	-5	-4.522878745	-4	1.860371373	3.67570169	-3.135292792	-2.00979252	-0.134781313	0.952811739	0	0	0	0	0	0
N81_6	85	TOG		N81_6	luc.a	0	-4	NOISY	1	0 1 0 0 0 0	-6.522878745	-6	-5.522878745	-5	-4.522878745	-4	2.069699685	-29.49900121	3.943295302	-0.924245536	4.217972369	-0.207426258	0	0	0	0	0	0
N81_7	86	TOG		N81_7	luc.a	0	-4	OK	0	0 0 0 0 0 0	-6.522878745	-6	-5.522878745	-5	-4.522878745	-4	-4.466590076	5.639853414	-6.034850416	-1.882914027	3.179798993	-0.838544697	0	0	0	0	0	0
N81_8	87	TOG		N81_8	luc.a	0	-4	OK	0	0 0 0 0 0 0	-6.522878745	-6	-5.522878745	-5	-4.522878745	-4	4.826239429	4.348408741	6.075388321	0.74048086	-1.793139664	-3.585003691	0	0	0	0	0	0
N9	88	TOG		N9	luc.a	0	-4	OK	0	0 0 0 0 0 0	-6.522878745	-6	-5.522878745	-5	-4.522878745	-4	2.440235851	3.107852861	-0.087721886	2.940384562	-7.235817916	-7.595334572	0	0	0	0	0	0
